# danRer7.unannotated.name	danRer7.unannotated.chrom	danRer7.unannotated.strand	danRer7.unannotated.txStart	danRer7.unannotated.txEnd	danRer7.unannotated.cdsStart	danRer7.unannotated.cdsEnd	danRer7.unannotated.exonCount	danRer7.unannotated.exonStarts	danRer7.unannotated.exonEnds	danRer7.unannotated.name2	danRer7.unannotated.product	danRer7.unannotated.mrnaAcc	danRer7.unannotated.protAcc
NM_001128544-ann-3710-unann-0	chr7	+	71019499	71254873	71019499	71254873	23	71019499,71040805,71041045,71065637,71086043,71087574,71095034,71121572,71122039,71147143,71149679,71149875,71166214,71174169,71175471,71183864,71184114,71184569,71184758,71214683,71237488,71254437,71254672	71019763,71040945,71041283,71065717,71086118,71087741,71095116,71121713,71122145,71147237,71149739,71149957,71166358,71174287,71175570,71184038,71184201,71184653,71184858,71214774,71237612,71254590,71254873	si:dkey-119o24.1	probable ATP-dependent RNA helicase DHX36	NM_001128544-ann-3710-unann-0	NM_001128544-ann-3710-unann-0
NM_001002654-ann-2289-unann-1	chr5	+	8564086	8670206	8564086	8670206	11	8564086,8593260,8620265,8622533,8638193,8662095,8662859,8663990,8666429,8669916,8670116	8564185,8593412,8620302,8622904,8638372,8662190,8663034,8664171,8666550,8670032,8670206	pdlim5a	PDZ and LIM domain 5a	NM_001002654-ann-2289-unann-1	NM_001002654-ann-2289-unann-1
NM_130925-ann-7106-unann-2	chr13	-	45635725	45641829	45635725	45641829	8	45635725,45635963,45638130,45638490,45638784,45640139,45640336,45641705	45635829,45636022,45638362,45638624,45638931,45640256,45640458,45641829	khdrbs1a	KH domain containing, RNA binding, signal transduction associated 1a	NM_130925-ann-7106-unann-2	NM_130925-ann-7106-unann-2
NM_213549-ann-3562-unann-3	chr6	+	52756989	52798008	52756989	52798008	11	52756989,52759670,52763546,52763752,52779676,52780543,52782328,52783110,52792027,52792905,52797958	52757062,52760234,52763669,52763875,52779799,52780666,52782451,52783524,52792180,52793010,52798008	matn4	matrilin-2 precursor	NM_213549-ann-3562-unann-3	NM_213549-ann-3562-unann-3
NM_001003421-ann-5457-unann-4	chr10	-	202451	206890	202451	206890	7	202451,205232,205489,205651,205951,206287,206833	202534,205383,205564,205732,206101,206431,206890	zgc:92243	Down syndrome critical region protein 3	NM_001003421-ann-5457-unann-4	NM_001003421-ann-5457-unann-4
NM_201042-ann-6979-unann-5	chr13	-	31604969	31611659	31604969	31611659	9	31604969,31605157,31605321,31605538,31607446,31608560,31608704,31608880,31611431	31605072,31605228,31605445,31605615,31607580,31608589,31608793,31609075,31611659	zdhhc16	probable palmitoyltransferase ZDHHC16	NM_201042-ann-6979-unann-5	NM_201042-ann-6979-unann-5
NM_213549-ann-3562-unann-6	chr6	+	52756989	52798008	52756989	52798008	11	52756989,52759670,52763546,52763752,52767780,52780543,52782328,52783110,52792027,52792905,52797958	52757062,52760234,52763669,52763875,52767903,52780666,52782451,52783524,52792180,52793010,52798008	matn4	matrilin-2 precursor	NM_213549-ann-3562-unann-6	NM_213549-ann-3562-unann-6
NM_001035261-ann-6257-unann-7	chr12	+	25288808	25354254	25288808	25354254	34	25288808,25289419,25292911,25299447,25302086,25302952,25308150,25311893,25315404,25319673,25323482,25325825,25326522,25327045,25327721,25328596,25330969,25331824,25334451,25334714,25335974,25338817,25339546,25339823,25341495,25342489,25342745,25343038,25345359,25345741,25347446,25347716,25351012,25354167	25288816,25289568,25293587,25299482,25302151,25303089,25308436,25312251,25315564,25319806,25323551,25325994,25326618,25327132,25327899,25328769,25331125,25331961,25334599,25334860,25336150,25338959,25339740,25339906,25341644,25342595,25342953,25343172,25345515,25345885,25347568,25347872,25351033,25354254	svil	supervillin	NM_001035261-ann-6257-unann-7	NM_001035261-ann-6257-unann-7
NM_001003852-ann-5379-unann-8	chr10	+	30871442	31601483	30871442	31601483	8	30871442,31411140,31510237,31553039,31582749,31584512,31588248,31601385	30871503,31411231,31510470,31553165,31582881,31584633,31588400,31601483	ntm	neurotrimin isoform 1 precursor	NM_001003852-ann-5379-unann-8	NM_001003852-ann-5379-unann-8
NM_199811-ann-7844-unann-9	chr15	-	25835169	25875205	25835169	25875205	16	25835169,25841755,25842172,25844886,25851325,25861170,25864455,25865161,25870092,25870242,25870467,25872631,25873247,25873673,25874705,25875172	25835274,25841842,25842280,25845063,25851455,25861319,25864592,25865354,25870161,25870345,25870585,25872720,25873356,25873752,25874753,25875205	rpa1	replication protein A 70 kDa DNA-binding subunit	NM_199811-ann-7844-unann-9	NM_199811-ann-7844-unann-9
NM_001123258-ann-4320-unann-10	chr8	-	31020956	31164478	31020956	31164478	14	31020956,31043147,31089973,31090499,31100425,31107595,31110404,31110601,31123571,31132075,31157941,31159703,31159928,31163774	31021097,31043264,31090057,31090562,31100486,31107639,31110512,31110704,31123678,31132265,31158208,31159824,31160095,31164478	zgc:162939	aminopeptidase O	NM_001123258-ann-4320-unann-10	NM_001123258-ann-4320-unann-10
NM_001145684-ann-6659-unann-11	chr13	+	15192961	15357791	15192961	15357791	13	15192961,15194143,15194626,15231805,15243416,15281133,15288733,15308230,15351942,15353942,15354144,15355159,15357717	15193289,15194307,15194844,15232013,15243597,15281288,15288904,15308390,15352186,15354058,15354281,15355271,15357791	loxl3	lysyl oxidase homolog 3 precursor	NM_001145684-ann-6659-unann-11	NM_001145684-ann-6659-unann-11
NM_213549-ann-3562-unann-12	chr6	+	52756989	52798008	52756989	52798008	12	52756989,52759670,52763546,52763752,52767780,52768145,52780543,52782328,52783110,52792027,52792905,52797958	52757062,52760234,52763669,52763875,52767903,52768268,52780666,52782451,52783524,52792180,52793010,52798008	matn4	matrilin-2 precursor	NM_213549-ann-3562-unann-12	NM_213549-ann-3562-unann-12
NM_001098177-ann-3218-unann-13	chr6	-	7653568	7685993	7653568	7685993	39	7653568,7655941,7656895,7658758,7659043,7659284,7659609,7662130,7662582,7663760,7664725,7665064,7665984,7666178,7666733,7667437,7669279,7669613,7671207,7671478,7672198,7672406,7673465,7673722,7673927,7674363,7674836,7675057,7675350,7675601,7676585,7676894,7677414,7678005,7678148,7681689,7682045,7682157,7685666	7653677,7656114,7657004,7658967,7659167,7659373,7659738,7662292,7662795,7663973,7664974,7665217,7666089,7666385,7666878,7667650,7669451,7669737,7671345,7671685,7672330,7672515,7673626,7673792,7674049,7674554,7674951,7675231,7675524,7675873,7676681,7677038,7677513,7678069,7678241,7681783,7682073,7682314,7685993	myh9a	myosin-9	NM_001098177-ann-3218-unann-13	NM_001098177-ann-3218-unann-13
NM_131014-ann-6382-unann-14	chr12	+	14224677	14269900	14224677	14269900	53	14224677,14228789,14229338,14230247,14231118,14231279,14233543,14235965,14236126,14236432,14236950,14237301,14237448,14237684,14238259,14238419,14238571,14238707,14238898,14239047,14239178,14240981,14241156,14241288,14241471,14242081,14242255,14242392,14242514,14242678,14242849,14243102,14243248,14245384,14245581,14246503,14246673,14246883,14248011,14248161,14248812,14248973,14249135,14250242,14250398,14251289,14251452,14257928,14266055,14266222,14266603,14269437,14269895	14224750,14228840,14229380,14230301,14231175,14231327,14233594,14236019,14236177,14236480,14237004,14237349,14237502,14237735,14238307,14238473,14238622,14238755,14238952,14239098,14239226,14241035,14241207,14241336,14241525,14242129,14242309,14242443,14242562,14242732,14242900,14243156,14243302,14245435,14246187,14246563,14246727,14246928,14248071,14248197,14248875,14249039,14249195,14250302,14250467,14251358,14251521,14257997,14266130,14266261,14266849,14269488,14269900	cmn	calymmin precursor	NM_131014-ann-6382-unann-14	NM_131014-ann-6382-unann-14
NM_001139480-ann-8903-unann-15	chr18	-	35625809	35695100	35625809	35695100	7	35625809,35627774,35635056,35640592,35652898,35691101,35694899	35626048,35627887,35635190,35640765,35653017,35691337,35695100	yap1	yorkie homolog	NM_001139480-ann-8903-unann-15	NM_001139480-ann-8903-unann-15
NM_200600-ann-5319-unann-16	chr9	+	46673780	46735500	46673780	46735500	14	46673780,46677817,46685717,46689136,46691480,46695678,46698278,46701339,46701857,46705215,46705437,46707792,46734659,46735334	46673903,46677886,46685879,46689265,46691888,46695759,46698366,46701424,46701947,46705348,46705474,46707866,46734883,46735500	traf3ip1	TRAF3-interacting protein 1	NM_200600-ann-5319-unann-16	NM_200600-ann-5319-unann-16
NM_001004592-ann-6424-unann-17	chr12	-	18701288	18721015	18701288	18721015	18	18701288,18705030,18705762,18705901,18710301,18710618,18712894,18713427,18716275,18717702,18717949,18718146,18718303,18718950,18719184,18720393,18720541,18720795	18701393,18705202,18705811,18706532,18710533,18710717,18713055,18713516,18716506,18717866,18717978,18718224,18718381,18719031,18719218,18720450,18720723,18721015	dlgap5	disks large-associated protein 5	NM_001004592-ann-6424-unann-17	NM_001004592-ann-6424-unann-17
NM_001143901-ann-2656-unann-18	chr5	+	30078095	30133824	30078095	30133824	14	30078095,30088543,30088854,30089629,30103881,30104407,30107037,30107311,30107706,30110893,30111093,30112470,30124928,30133726	30078166,30088605,30089538,30089702,30103934,30104497,30107165,30107395,30107740,30110964,30111173,30112573,30125004,30133824	nelfb	nasal embryonic LHRH factor b	NM_001143901-ann-2656-unann-18	NM_001143901-ann-2656-unann-18
NM_001193381-ann-5144-unann-19	chr9	-	24268870	24275975	24268870	24275975	8	24268870,24270266,24270430,24272683,24272951,24274684,24275159,24275817	24270178,24270337,24270594,24272729,24273014,24274813,24275241,24275975	ccnt2a	cyclin-T2 isoform 1	NM_001193381-ann-5144-unann-19	NM_001193381-ann-5144-unann-19
NM_199828-ann-5145-unann-20	chr9	-	24268964	24275975	24268964	24275975	9	24268964,24269127,24270266,24270430,24272683,24272951,24274684,24275159,24275817	24269032,24270178,24270337,24270594,24272729,24273014,24274813,24275241,24275975	ccnt2a	cyclin-T2 isoform 2	NM_199828-ann-5145-unann-20	NM_199828-ann-5145-unann-20
NM_178297-ann-4691-unann-21	chr8	+	32285178	32290243	32285178	32290243	3	32285178,32285508,32289670	32285381,32285718,32290243	sepp1a	selenoprotein Pa precursor	NM_178297-ann-4691-unann-21	NM_178297-ann-4691-unann-21
NM_001002117-ann-8823-unann-22	chr17	-	41159102	41237007	41159102	41237007	7	41159102,41188251,41198702,41211755,41215604,41216230,41236951	41159276,41188440,41198794,41211818,41215668,41216363,41237007	rbks	ribokinase	NM_001002117-ann-8823-unann-22	NM_001002117-ann-8823-unann-22
NM_001025299-ann-8989-unann-23	chr18	-	232641	242906	232641	242906	9	232641,233508,235495,236305,236502,238923,239310,239549,242446	232818,233639,235593,236396,236697,239048,239469,239759,242906	slc27a2	solute carrier family 27 (fatty acid transporter), member 2	NM_001025299-ann-8989-unann-23	NM_001025299-ann-8989-unann-23
NM_131025-ann-4163-unann-24	chr7	+	54577590	54581649	54577590	54581649	4	54577590,54579185,54581264,54581496	54577788,54579401,54581413,54581649	ccnd1	G1/S-specific cyclin-D1	NM_131025-ann-4163-unann-24	NM_131025-ann-4163-unann-24
NM_001118893-ann-4845-unann-25	chr8	-	54270975	54369758	54270975	54369758	72	54270975,54274388,54274752,54275785,54278880,54279144,54279862,54280906,54282563,54283603,54284230,54287233,54288829,54290795,54293344,54293619,54293787,54294107,54295270,54297380,54301844,54304573,54304801,54306155,54307891,54310061,54312008,54312678,54314430,54315845,54317317,54320119,54320915,54321888,54323648,54324343,54326525,54328392,54328610,54329146,54332045,54333164,54333347,54335534,54335861,54336863,54339063,54340406,54341320,54343157,54346054,54346261,54348120,54348412,54349028,54351396,54352471,54355397,54356070,54357286,54359170,54359371,54359583,54361196,54361363,54362787,54362933,54364080,54364464,54366594,54366734,54369658	54271023,54274463,54274876,54275871,54278995,54279268,54279908,54281070,54282639,54283717,54284312,54287379,54288943,54290910,54293414,54293701,54293934,54294261,54295500,54297507,54301978,54304723,54304927,54306260,54308302,54310335,54312127,54312839,54314689,54315998,54317419,54320473,54321229,54321927,54323839,54324507,54326647,54328534,54328758,54329454,54332213,54333268,54333447,54335723,54335921,54336943,54339220,54340576,54341405,54343302,54346172,54346394,54348257,54348527,54349230,54351539,54352566,54355533,54356133,54357458,54359277,54359499,54359641,54361277,54361423,54362847,54363043,54364182,54364560,54366637,54366778,54369758	vps13a	vacuolar protein sorting 13 homolog A	NM_001118893-ann-4845-unann-25	NM_001118893-ann-4845-unann-25
NM_001123012-ann-8975-unann-26	chr18	-	42784074	42943401	42784074	42943401	16	42784074,42785618,42794004,42804960,42813908,42818533,42821236,42821478,42825465,42831141,42834763,42841724,42847550,42867391,42869881,42943329	42784176,42785795,42794087,42805134,42814008,42818662,42821395,42821553,42825599,42831309,42834969,42841966,42847663,42867521,42870055,42943401	aplp2	amyloid-like protein 2 precursor	NM_001123012-ann-8975-unann-26	NM_001123012-ann-8975-unann-26
NM_001115139-ann-4943-unann-27	chr9	+	39220320	39342296	39220320	39342296	38	39220320,39257783,39259748,39260240,39260586,39261832,39271371,39288430,39290653,39290929,39291112,39291766,39292976,39293162,39293960,39294782,39298951,39299665,39303662,39305743,39308085,39310579,39313852,39318398,39320768,39321912,39322187,39322353,39325444,39325982,39329689,39330424,39334699,39335849,39336569,39337739,39339048,39342209	39220515,39257862,39259852,39260332,39260662,39261930,39271442,39288574,39290730,39291022,39291258,39291902,39293047,39293222,39294038,39294950,39298998,39299836,39303770,39305770,39308241,39310687,39313956,39318628,39320835,39322076,39322266,39322497,39325588,39326089,39329837,39330669,39334713,39336022,39336698,39337946,39339165,39342296	LOC562077	CLIP-associating protein 1	NM_001115139-ann-4943-unann-27	NM_001115139-ann-4943-unann-27
NM_212976-ann-5173-unann-28	chr9	+	26364353	26379292	26364353	26379292	5	26364353,26367578,26374364,26374561,26379203	26364428,26367710,26374475,26374712,26379292	itm2bb	integral membrane protein 2Bb	NM_212976-ann-5173-unann-28	NM_212976-ann-5173-unann-28
NM_201109-ann-7619-unann-29	chr15	-	29810238	30114000	29810238	30114000	13	29810238,29816580,29831831,29876177,29886447,29915839,29991267,30095025,30106124,30112039,30113314,30113619,30113938	29810280,29816735,29832011,29876252,29886562,29915922,29991316,30095118,30106166,30112124,30113396,30113660,30114000	msi2b	musashi homolog 2	NM_201109-ann-7619-unann-29	NM_201109-ann-7619-unann-29
NM_201205-ann-4805-unann-30	chr8	-	49310368	49362198	49310368	49362198	5	49310368,49319196,49319342,49320921,49362132	49310449,49319237,49319430,49321014,49362198	ppih	peptidyl-prolyl cis-trans isomerase H isoform 2	NM_201205-ann-4805-unann-30	NM_201205-ann-4805-unann-30
NM_001009902-ann-4806-unann-31	chr8	-	49315662	49362198	49315662	49362198	5	49315662,49319196,49319342,49320921,49362132	49315731,49319237,49319430,49321014,49362198	ppih	peptidyl-prolyl cis-trans isomerase H isoform 1	NM_001009902-ann-4806-unann-31	NM_001009902-ann-4806-unann-31
NM_199933-ann-3400-unann-32	chr6	+	33631460	33645126	33631460	33645126	17	33631460,33632898,33634294,33634808,33635277,33637552,33638306,33639065,33639383,33641022,33641249,33641514,33642369,33642606,33642826,33643126,33644931	33631558,33633026,33634461,33635187,33635509,33637615,33638408,33639300,33639490,33641124,33641421,33641622,33642519,33642726,33642996,33643214,33645126	orc1	origin recognition complex subunit 1	NM_199933-ann-3400-unann-32	NM_199933-ann-3400-unann-32
NM_183339-ann-2307-unann-33	chr5	+	16907688	16918791	16907688	16918791	6	16907688,16910691,16911024,16911951,16913327,16918408	16908089,16910793,16911196,16912107,16913395,16918791	tbx1	T-box transcription factor TBX1	NM_183339-ann-2307-unann-33	NM_183339-ann-2307-unann-33
NM_201345-ann-7611-unann-34	chr15	-	24604907	24635710	24604907	24635710	9	24604907,24606554,24609937,24610489,24612349,24614893,24615297,24617581,24635678	24604981,24606656,24610166,24610592,24612518,24615100,24615372,24617666,24635710	pafah1b1a	lissencephaly-1 homolog A	NM_201345-ann-7611-unann-34	NM_201345-ann-7611-unann-34
NM_001037704-ann-8854-unann-35	chr17	+	45563670	45569793	45563670	45569793	3	45563670,45569379,45569616	45563805,45569483,45569793	nenf	neudesin precursor	NM_001037704-ann-8854-unann-35	NM_001037704-ann-8854-unann-35
NM_001013290-ann-8890-unann-36	chr17	+	53687331	53717051	53687331	53717051	6	53687331,53687447,53688457,53696145,53698337,53716942	53687354,53687539,53688651,53696219,53698456,53717051	zgc:110758	ATP-binding domain-containing protein 4	NM_001013290-ann-8890-unann-36	NM_001013290-ann-8890-unann-36
NM_001199365-ann-7979-unann-37	chr16	+	32526981	32621272	32526981	32621272	17	32526981,32537162,32539107,32542499,32544731,32552556,32552914,32553112,32555446,32555788,32557341,32557740,32564882,32570351,32590827,32592332,32619995	32527120,32537277,32539165,32542556,32544833,32552647,32553037,32553201,32555664,32555920,32557497,32557914,32565020,32570429,32590886,32592383,32621272	sema6e	sema domain, transmembrane domain (TM), and cytoplasmic domain, (semaphorin) 6E precursor	NM_001199365-ann-7979-unann-37	NM_001199365-ann-7979-unann-37
NM_205673-ann-2769-unann-38	chr5	+	38496984	38498861	38496984	38498861	6	38496984,38497557,38497813,38498371,38498626,38498809	38497202,38497737,38497882,38498491,38498725,38498861	zgc:77155	splicing factor, arginine/serine-rich 7	NM_205673-ann-2769-unann-38	NM_205673-ann-2769-unann-38
NM_001080021-ann-6256-unann-39	chr12	+	25855646	26142022	25855646	26142022	21	25855646,25864624,25866467,25867260,25953663,25954731,25955984,25971776,25990364,26014891,26022927,26036723,26041727,26042193,26044013,26055791,26084367,26104362,26113253,26135205,26141720	25856358,25864642,25866497,25867272,25953965,25954776,25956146,25972221,25990748,26015095,26022954,26036846,26042109,26042384,26044187,26055911,26084549,26104534,26113570,26135287,26142022	nrxn1a	neurexin 1a precursor	NM_001080021-ann-6256-unann-39	NM_001080021-ann-6256-unann-39
NM_200076-ann-3165-unann-40	chr6	-	58824104	58877479	58824104	58877479	21	58824104,58825796,58833974,58836743,58837145,58841842,58845306,58848320,58849322,58851529,58851962,58852539,58855818,58857272,58857860,58858745,58859750,58864619,58866870,58875003,58877376	58824254,58825922,58834046,58836939,58837250,58841974,58845520,58848438,58849418,58851700,58852037,58852741,58856022,58857389,58857970,58858918,58859826,58864751,58866949,58875094,58877479	mars	methionyl-tRNA synthetase, cytoplasmic	NM_200076-ann-3165-unann-40	NM_200076-ann-3165-unann-40
NM_001143840-ann-5465-unann-41	chr10	+	1878296	1920569	1878296	1920569	15	1878296,1895215,1897630,1899981,1900636,1902041,1905889,1907803,1908845,1910277,1911633,1911861,1912363,1912564,1914244	1878431,1895300,1897805,1900090,1900750,1902125,1905976,1907902,1909224,1910373,1911773,1911939,1912480,1912779,1920569	apc	adenomatous polyposis coli protein	NM_001143840-ann-5465-unann-41	NM_001143840-ann-5465-unann-41
NM_001114580-ann-3259-unann-42	chr6	-	11692918	11711354	11692918	11711354	9	11692918,11695629,11697315,11698591,11701997,11706849,11707132,11708733,11711171	11693028,11695731,11697419,11698761,11703093,11707032,11707286,11708889,11711354	march7	E3 ubiquitin-protein ligase MARCH7	NM_001114580-ann-3259-unann-42	NM_001114580-ann-3259-unann-42
NM_001020781-ann-2749-unann-43	chr5	-	36743950	36818488	36743950	36818488	26	36743950,36745124,36746656,36747616,36750281,36750948,36753564,36755217,36755455,36763335,36763654,36766728,36777159,36778016,36778265,36779327,36779703,36781374,36788190,36793375,36796158,36796474,36798005,36798828,36804113,36818455	36743973,36745289,36746721,36747816,36750414,36751104,36753676,36755350,36755571,36763421,36763700,36766753,36777333,36778076,36778322,36779352,36779773,36781419,36788287,36793474,36796263,36796627,36798147,36798903,36804205,36818488	fcho2	FCH domain only protein 2	NM_001020781-ann-2749-unann-43	NM_001020781-ann-2749-unann-43
NM_213549-ann-3562-unann-44	chr6	+	52756989	52798008	52756989	52798008	12	52756989,52759670,52763546,52763752,52767780,52779676,52780543,52782328,52783110,52792027,52792905,52797958	52757062,52760234,52763669,52763875,52767903,52779799,52780666,52782451,52783524,52792180,52793010,52798008	matn4	matrilin-2 precursor	NM_213549-ann-3562-unann-44	NM_213549-ann-3562-unann-44
NM_212604-ann-3426-unann-45	chr6	-	37358465	37371124	37358465	37371124	11	37358465,37361096,37365467,37365599,37366788,37367762,37368224,37368483,37368680,37369333,37370962	37358480,37361235,37365520,37365721,37366941,37367840,37368359,37368593,37368776,37369415,37371124	cth	cystathionase (cystathionine gamma-lyase)	NM_212604-ann-3426-unann-45	NM_212604-ann-3426-unann-45
NM_001123320-ann-4428-unann-46	chr8	+	10244136	10336459	10244136	10336459	27	10244136,10244967,10249356,10251758,10252298,10254409,10254679,10259595,10259838,10260906,10261050,10264068,10265697,10266085,10276019,10277971,10280910,10281610,10284614,10287902,10291425,10293601,10300172,10303438,10305889,10326599,10336378	10244178,10245034,10249418,10251785,10252406,10254566,10254816,10259644,10259909,10260954,10261082,10264116,10265797,10266163,10276154,10278067,10281123,10281724,10284692,10287998,10291482,10293701,10300306,10303555,10305983,10326769,10336459	gripap1	GRIP1-associated protein 1 isoform 1	NM_001123320-ann-4428-unann-46	NM_001123320-ann-4428-unann-46
NM_001004110-ann-8538-unann-47	chr17	-	36854690	36985689	36854690	36985689	32	36854690,36856135,36867293,36870206,36880840,36892210,36901324,36907193,36912437,36912662,36912957,36917306,36919357,36921684,36922576,36922993,36924865,36933108,36933415,36940127,36951169,36958006,36960921,36965579,36968905,36969170,36969365,36972213,36972435,36978070,36979018,36985572	36854890,36856354,36867425,36870310,36881001,36892289,36901533,36907344,36912528,36912792,36913035,36917437,36919451,36921723,36922747,36923089,36924993,36933181,36933507,36940285,36951314,36958187,36960930,36965660,36969070,36969268,36969421,36972319,36972565,36978144,36979088,36985689	myo6b	myosin-VI	NM_001004110-ann-8538-unann-47	NM_001004110-ann-8538-unann-47
NM_001243038-ann-4072-unann-48	chr7	+	40290309	40342790	40290309	40342790	6	40290309,40316349,40321606,40338037,40340519,40342539	40290411,40316554,40321782,40338137,40340670,40342790	creb3l1	cyclic AMP-responsive element-binding protein 3-like protein 1	NM_001243038-ann-4072-unann-48	NM_001243038-ann-4072-unann-48
NM_212765-ann-4936-unann-49	chr9	+	35369353	35394707	35369353	35394707	29	35369353,35370030,35370385,35370580,35370857,35371144,35371972,35372286,35372494,35373124,35373763,35373986,35376025,35376275,35377928,35378157,35379188,35379437,35380127,35380732,35381274,35384002,35386565,35387432,35387741,35388451,35390329,35390667,35394633	35369523,35370057,35370491,35370754,35370987,35371273,35372080,35372419,35372645,35373236,35373889,35374065,35376185,35376470,35378063,35378234,35379349,35379584,35380219,35380885,35381544,35384219,35386748,35387659,35387921,35388559,35390455,35390857,35394707	med14	mediator of RNA polymerase II transcription	NM_212765-ann-4936-unann-49	NM_212765-ann-4936-unann-49
NM_001113339-ann-6965-unann-50	chr13	+	30732952	30791752	30732952	30791752	20	30732952,30744460,30775040,30775797,30775995,30776513,30776802,30777179,30779144,30779335,30779845,30781964,30782411,30782623,30785270,30785439,30785629,30786123,30788607,30791644	30732967,30744566,30775176,30775912,30776213,30776709,30777093,30777362,30779213,30779504,30779987,30782175,30782517,30782784,30785338,30785508,30785880,30786290,30788865,30791752	zmiz1	zinc finger MIZ domain-containing protein 1	NM_001113339-ann-6965-unann-50	NM_001113339-ann-6965-unann-50
NM_001080188-ann-5444-unann-51	chr10	+	41650197	41680014	41650197	41680014	19	41650197,41653438,41656552,41656751,41657004,41659203,41661970,41662151,41662385,41662558,41662721,41662904,41664715,41666674,41667108,41670012,41673642,41677330,41679834	41650249,41653572,41656665,41656857,41657091,41659334,41662065,41662197,41662437,41662631,41662819,41663016,41664858,41666827,41667318,41670095,41673831,41677394,41680014	git2b	G protein-coupled receptor kinase interacting	NM_001080188-ann-5444-unann-51	NM_001080188-ann-5444-unann-51
NM_214775-ann-8307-unann-52	chr16	-	34122823	34141209	34122823	34141209	11	34122823,34122972,34123125,34125671,34126233,34126487,34127887,34129237,34130066,34134624,34141122	34122868,34123054,34123196,34125711,34126375,34126547,34127980,34129291,34130246,34134861,34141209	rbfox1l	RNA binding protein fox-1 homolog 1-like	NM_214775-ann-8307-unann-52	NM_214775-ann-8307-unann-52
NM_001243004-ann-6703-unann-53	chr13	-	46911931	47032866	46911931	47032866	15	46911931,46915188,46917089,46923614,46929591,46930943,46933158,46945665,46954592,46957471,46962343,46967805,46979758,46985513,47032754	46912096,46915294,46917227,46923685,46929714,46931134,46933269,46945787,46954732,46957674,46962488,46967996,46979882,46985683,47032866	fgfr2	fibroblast growth factor receptor 2 isoform 1 precursor	NM_001243004-ann-6703-unann-53	NM_001243004-ann-6703-unann-53
NM_178303-ann-6704-unann-54	chr13	-	46911931	47032866	46911931	47032866	15	46911931,46915188,46917089,46923614,46929591,46930943,46933158,46945665,46954592,46957477,46962343,46967805,46979758,46985513,47032754	46912096,46915294,46917227,46923685,46929714,46931134,46933269,46945787,46954732,46957674,46962488,46967996,46979882,46985683,47032866	fgfr2	fibroblast growth factor receptor 2 isoform 3 precursor	NM_178303-ann-6704-unann-54	NM_178303-ann-6704-unann-54
NM_001243005-ann-6706-unann-55	chr13	-	46911931	47032866	46911931	47032866	15	46911931,46915188,46917089,46923614,46929591,46930943,46933158,46945665,46954592,46957471,46964560,46967805,46979758,46985513,47032754	46912096,46915294,46917227,46923685,46929714,46931134,46933269,46945787,46954732,46957674,46964699,46967996,46979882,46985683,47032866	fgfr2	fibroblast growth factor receptor 2 isoform 2 precursor	NM_001243005-ann-6706-unann-55	NM_001243005-ann-6706-unann-55
NM_001006038-ann-7562-unann-56	chr14	-	53365583	53366820	53365583	53366820	2	53365583,53366716	53365677,53366820	zgc:103433	V-type proton ATPase subunit e 1	NM_001006038-ann-7562-unann-56	NM_001006038-ann-7562-unann-56
NM_001145584-ann-6654-unann-57	chr13	+	12670248	12854267	12670248	12854267	83	12670248,12672868,12673073,12673633,12675273,12677802,12685152,12689307,12693187,12695428,12695752,12697874,12700640,12700838,12703145,12703384,12703658,12709925,12711987,12716522,12716748,12720779,12721096,12726508,12730016,12730330,12735036,12737374,12737531,12738953,12739156,12739395,12743285,12744043,12752651,12752935,12756290,12756571,12760903,12762541,12763255,12768454,12771743,12772022,12773696,12775855,12776399,12780209,12780501,12782511,12782852,12785037,12785221,12786473,12787205,12788292,12789761,12789905,12793640,12793866,12794084,12795476,12801261,12809204,12812618,12815232,12816112,12818712,12818933,12824388,12824692,12826870,12830133,12831877,12832126,12836461,12836725,12839760,12840816,12843754,12844048,12849524,12854047	12670339,12672985,12673152,12673698,12675448,12677884,12685346,12689387,12693335,12695585,12695831,12697966,12700758,12700994,12703243,12703566,12703765,12710119,12712197,12716660,12716925,12720908,12721216,12726789,12730261,12730541,12735832,12737445,12737705,12739074,12739303,12739517,12743470,12744265,12752863,12753087,12756441,12756724,12761138,12762687,12763481,12768619,12771922,12772198,12774412,12776101,12776493,12780416,12780731,12782741,12782958,12785135,12785407,12786642,12787417,12788491,12789821,12790132,12793771,12793990,12794200,12795546,12801494,12809405,12812799,12815428,12816274,12818852,12819126,12824592,12824869,12827007,12830347,12832028,12832284,12836651,12836943,12840012,12841020,12843949,12844183,12849702,12854267	si:ch211-233a24.2	fragile site-associated protein	NM_001145584-ann-6654-unann-57	NM_001145584-ann-6654-unann-57
NM_214774-ann-7514-unann-58	chr14	-	43004135	43011700	43004135	43011700	6	43004135,43006067,43006717,43006895,43007836,43011613	43004204,43006229,43006807,43006970,43008025,43011700	tspan7	tetraspanin-6	NM_214774-ann-7514-unann-58	NM_214774-ann-7514-unann-58
NM_213549-ann-3562-unann-59	chr6	+	52756989	52798008	52756989	52798008	10	52756989,52759670,52763546,52763752,52780543,52782328,52783110,52792027,52792905,52797958	52757062,52760234,52763669,52763875,52780666,52782451,52783524,52792180,52793010,52798008	matn4	matrilin-2 precursor	NM_213549-ann-3562-unann-59	NM_213549-ann-3562-unann-59
NM_001005946-ann-7759-unann-60	chr15	-	15893140	15903736	15893140	15903736	11	15893140,15893360,15895083,15895241,15895449,15900340,15901212,15901382,15903107,15903260,15903667	15893248,15893429,15895148,15895334,15895511,15900406,15901302,15901478,15903167,15903377,15903736	zgc:103681	uncharacterized protein LOC449773	NM_001005946-ann-7759-unann-60	NM_001005946-ann-7759-unann-60
NM_001110105-ann-5472-unann-61	chr10	-	2786583	2815867	2786583	2815867	16	2786583,2789249,2791000,2792217,2794442,2797005,2799067,2800288,2802902,2805629,2805813,2809643,2809879,2811565,2813211,2815820	2786691,2789309,2791099,2792310,2794636,2797173,2799285,2800391,2802978,2805725,2805909,2809738,2809968,2811711,2813278,2815867	ash2l	ash2-like	NM_001110105-ann-5472-unann-61	NM_001110105-ann-5472-unann-61
NM_131444-ann-7261-unann-62	chr14	+	6912934	6919841	6912934	6919841	5	6912934,6913394,6916141,6919447,6919775	6913043,6913566,6916289,6919558,6919841	gnb2l1	guanine nucleotide-binding protein subunit beta-2-like 1	NM_131444-ann-7261-unann-62	NM_131444-ann-7261-unann-62
NM_130969-ann-7593-unann-63	chr15	+	10650379	10987353	10650379	10987353	28	10650379,10656006,10747466,10756750,10761547,10775485,10783914,10790360,10809193,10810384,10821635,10833821,10846499,10851813,10865118,10876421,10881171,10883816,10889826,10902666,10909359,10925073,10942286,10951526,10963911,10964979,10969487,10986594	10650602,10656279,10747713,10756849,10761783,10775650,10784129,10790577,10809295,10810579,10821836,10834007,10846646,10852030,10865238,10876683,10881439,10883960,10890076,10902899,10909514,10925951,10942459,10951762,10964208,10966594,10969630,10987353	odz4	teneurin-4	NM_130969-ann-7593-unann-63	NM_130969-ann-7593-unann-63
NM_001098390-ann-8826-unann-64	chr17	+	42107972	42160696	42107972	42160696	14	42107972,42108713,42110438,42113203,42119446,42120129,42134303,42134811,42136844,42143586,42145722,42147797,42158552,42160592	42108037,42108776,42110601,42113284,42120017,42120343,42134426,42134979,42136995,42143752,42145809,42147855,42158596,42160696	zgc:162576	centrosomal protein kizuna	NM_001098390-ann-8826-unann-64	NM_001098390-ann-8826-unann-64
NM_200311-ann-8619-unann-65	chr17	-	12909516	12933928	12909516	12933928	20	12909516,12910433,12913359,12915392,12921348,12921579,12921725,12921891,12925081,12925230,12927826,12929958,12930190,12930326,12931876,12932121,12932328,12932810,12933266,12933853	12909698,12910620,12913412,12915512,12921477,12921650,12921793,12921927,12925142,12925332,12927965,12930049,12930237,12930432,12931999,12932226,12932400,12932921,12933338,12933928	ctage5	CTAGE family, member 5	NM_200311-ann-8619-unann-65	NM_200311-ann-8619-unann-65
NM_001002736-ann-5320-unann-66	chr9	+	46749151	46765685	46749151	46765685	4	46749151,46752733,46757103,46765554	46749197,46752875,46757406,46765685	asb1	ankyrin repeat and SOCS box protein 1	NM_001002736-ann-5320-unann-66	NM_001002736-ann-5320-unann-66
NM_001077252-ann-9101-unann-67	chr18	-	17067705	17074734	17067705	17074734	12	17067705,17067941,17068130,17069414,17069744,17069922,17070146,17070996,17071767,17072054,17074394,17074664	17067868,17068014,17068280,17069556,17069825,17070063,17070248,17071101,17071921,17072206,17074590,17074734	ces2	carboxylesterase 2-like precursor	NM_001077252-ann-9101-unann-67	NM_001077252-ann-9101-unann-67
NM_001118894-ann-3533-unann-68	chr6	+	48993670	49001327	48993670	49001327	30	48993670,48993911,48994106,48994326,48994591,48994738,48994926,48995072,48995654,48995900,48996079,48996254,48996570,48996727,48997526,48997727,48997972,48998415,48998619,48998953,48999096,48999296,48999509,48999714,49000214,49000422,49000649,49000804,49001005,49001180	48993796,48993993,48994150,48994491,48994659,48994812,48994985,48995139,48995728,48996009,48996174,48996439,48996638,48996789,48997643,48997832,48998076,48998533,48998690,48999016,48999159,48999413,48999620,48999807,49000340,49000563,49000724,49000912,49001089,49001327	sycp1	synaptonemal complex protein 1	NM_001118894-ann-3533-unann-68	NM_001118894-ann-3533-unann-68
NM_001109853-ann-5395-unann-69	chr10	-	7073937	7081710	7073937	7081710	5	7073937,7074175,7074413,7074715,7081653	7074082,7074303,7074625,7074943,7081710	zgc:174237	uncharacterized protein LOC100126125 precursor	NM_001109853-ann-5395-unann-69	NM_001109853-ann-5395-unann-69
NM_001083045-ann-8979-unann-70	chr18	-	44804361	44872954	44804361	44872954	11	44804361,44809425,44816088,44818200,44825609,44830468,44832268,44832826,44861641,44869438,44872853	44804517,44809631,44816135,44818284,44828958,44830727,44832406,44832886,44861752,44869541,44872954	sphkap	A-kinase anchor protein SPHKAP	NM_001083045-ann-8979-unann-70	NM_001083045-ann-8979-unann-70
NM_001112675-ann-7430-unann-71	chr14	-	31863188	31929031	31863188	31929031	7	31863188,31868645,31883852,31893760,31896413,31896718,31928857	31863206,31868740,31884003,31893994,31896614,31896883,31929031	mbnl3	muscleblind-like protein 3	NM_001112675-ann-7430-unann-71	NM_001112675-ann-7430-unann-71
NM_001002090-ann-6531-unann-72	chr12	-	30419557	30429214	30419557	30429214	4	30419557,30426195,30426420,30429168	30419702,30426346,30426595,30429214	cbx1b	chromobox protein homolog 1	NM_001002090-ann-6531-unann-72	NM_001002090-ann-6531-unann-72
NM_001003454-ann-6680-unann-73	chr13	+	28175545	28232709	28175545	28232709	3	28175545,28187418,28232622	28176115,28187563,28232709	b3gat2	galactosylgalactosylxylosylprotein 3-beta-glucuronosyltransferase 2	NM_001003454-ann-6680-unann-73	NM_001003454-ann-6680-unann-73
NM_001128349-ann-2835-unann-74	chr5	-	43264574	43327465	43264574	43327465	22	43264574,43266242,43268963,43271715,43273703,43283429,43286130,43287579,43288547,43288977,43294165,43295308,43298688,43303382,43308015,43308289,43310076,43324193,43324475,43324656,43325433,43327346	43264603,43266417,43269329,43271892,43273897,43283502,43286271,43287646,43288897,43289048,43294273,43295488,43298871,43303549,43308204,43308381,43310201,43324344,43324547,43324716,43325467,43327465	si:dkey-165i4.1	ataxin-2	NM_001128349-ann-2835-unann-74	NM_001128349-ann-2835-unann-74
NM_001080594-ann-5593-unann-75	chr10	+	20214399	20267908	20214399	20267908	13	20214399,20229963,20231198,20244449,20248974,20252242,20252612,20252781,20255197,20255486,20258805,20260828,20267732	20214451,20230161,20231323,20244561,20249120,20252382,20252690,20252876,20255323,20255564,20258875,20260926,20267908	ppp3ccb	protein phosphatase 3, catalytic subunit, gamma isoform	NM_001080594-ann-5593-unann-75	NM_001080594-ann-5593-unann-75
NM_205541-ann-3715-unann-76	chr7	+	729418	738943	729418	738943	6	729418,730241,731184,733530,736854,738819	729460,730314,731304,733621,736946,738943	drap1	dr1-associated corepressor	NM_205541-ann-3715-unann-76	NM_205541-ann-3715-unann-76
NM_200923-ann-5562-unann-77	chr10	+	15283879	15332859	15283879	15332859	18	15283879,15298020,15306044,15311340,15314169,15315963,15316421,15319693,15319939,15323680,15324378,15324705,15326519,15326987,15327299,15329066,15332532,15332823	15283949,15298140,15306167,15311463,15314541,15316086,15316544,15319813,15320065,15323852,15324597,15324824,15326659,15327129,15327449,15329147,15332702,15332859	vldlr	very low-density lipoprotein receptor precursor	NM_200923-ann-5562-unann-77	NM_200923-ann-5562-unann-77
NM_001013316-ann-8055-unann-78	chr16	-	58457381	58466555	58457381	58466555	4	58457381,58462657,58464031,58466463	58457469,58462788,58464128,58466555	zgc:110759	transmembrane protein 222	NM_001013316-ann-8055-unann-78	NM_001013316-ann-8055-unann-78
NM_001194987-ann-4956-unann-79	chr9	+	49402577	49716292	49402577	49716292	79	49402577,49443799,49448125,49451865,49455687,49457041,49458945,49460837,49462856,49463659,49465671,49478726,49482993,49484912,49487161,49488033,49492908,49499773,49500771,49503128,49504510,49507877,49510833,49512633,49514673,49516678,49519436,49524042,49524330,49526596,49527414,49528991,49545156,49545488,49547174,49547480,49548926,49616852,49621000,49627149,49630182,49630666,49634023,49636137,49641691,49646164,49646471,49650108,49650766,49653346,49656060,49660570,49662094,49666943,49669669,49672927,49675098,49681099,49687403,49687759,49688869,49690701,49690937,49693115,49695056,49696205,49698053,49698893,49700867,49703509,49705214,49707566,49708626,49708883,49711959,49712714,49712903,49714185,49716124	49402635,49443913,49448248,49451982,49455798,49457155,49459062,49460981,49462976,49463788,49465841,49478950,49483200,49485115,49487302,49488237,49493101,49499899,49500902,49503266,49504792,49508117,49510953,49512750,49515054,49516693,49519685,49524254,49524515,49526825,49527592,49529126,49545323,49545632,49547284,49547658,49549140,49617092,49621189,49628070,49630348,49630825,49634313,49636338,49641934,49646290,49646591,49650240,49650968,49653642,49656727,49660741,49662318,49667121,49669866,49673173,49675227,49681219,49687520,49687876,49689007,49690824,49691066,49693247,49695188,49696349,49698219,49699022,49701088,49703689,49705334,49707657,49708694,49709001,49712086,49712822,49713011,49714257,49716292	lrp2a	low-density lipoprotein receptor-related protein 2 precursor	NM_001194987-ann-4956-unann-79	NM_001194987-ann-4956-unann-79
NM_001099989-ann-2783-unann-80	chr5	+	39249397	39308963	39249397	39308963	40	39249397,39277306,39278323,39280542,39280726,39281925,39284124,39284341,39286737,39286951,39287189,39287886,39288223,39288699,39288939,39290625,39290916,39291175,39291487,39292331,39292642,39294370,39294670,39295673,39296652,39297072,39297240,39299260,39299472,39300831,39301308,39302564,39302800,39303010,39303313,39303828,39306937,39307222,39307496,39308753	39249554,39277458,39278497,39280634,39280807,39282041,39284237,39284529,39286855,39287110,39287492,39288040,39288618,39288804,39289098,39290837,39291054,39291395,39291841,39292514,39292845,39294461,39294817,39295937,39296877,39297162,39297534,39299391,39299677,39301209,39301553,39302703,39302885,39303207,39303429,39303904,39307119,39307396,39307539,39308963	LOC558044	spectrin beta chain, brain 1	NM_001099989-ann-2783-unann-80	NM_001099989-ann-2783-unann-80
NM_001037566-ann-3073-unann-81	chr5	-	75208936	75218482	75208936	75218482	7	75208936,75209659,75210038,75214326,75215706,75216356,75218259	75209132,75209814,75210164,75214560,75215859,75216551,75218482	thnsl2	threonine synthase-like 2	NM_001037566-ann-3073-unann-81	NM_001037566-ann-3073-unann-81
NM_001006005-ann-9010-unann-82	chr18	+	4729306	4735467	4729306	4735467	6	4729306,4730787,4731781,4731965,4732401,4735410	4729379,4730938,4731873,4732010,4732476,4735467	dut	deoxyuridine 5'-triphosphate	NM_001006005-ann-9010-unann-82	NM_001006005-ann-9010-unann-82
NM_001045069-ann-8932-unann-83	chr18	+	17414119	17434380	17414119	17434380	8	17414119,17414661,17418366,17418528,17427555,17429313,17430276,17434348	17414175,17414745,17418440,17418670,17427831,17429487,17430663,17434380	si:ch211-216l23.2	uncharacterized protein LOC565061	NM_001045069-ann-8932-unann-83	NM_001045069-ann-8932-unann-83
NM_001115139-ann-4943-unann-84	chr9	+	39220320	39342296	39220320	39342296	38	39220320,39257783,39259748,39260240,39260586,39261832,39271371,39288430,39290653,39290929,39291112,39291766,39292976,39293162,39293960,39294782,39298951,39299665,39303662,39305743,39308085,39313852,39318398,39320768,39321912,39322187,39322353,39325444,39325982,39328737,39329689,39330424,39334699,39335849,39336569,39337739,39339048,39342209	39220515,39257862,39259852,39260332,39260662,39261930,39271442,39288574,39290730,39291022,39291258,39291902,39293047,39293222,39294038,39294950,39298998,39299836,39303770,39305770,39308241,39313956,39318628,39320835,39322076,39322266,39322497,39325588,39326089,39328878,39329837,39330669,39334713,39336022,39336698,39337946,39339165,39342296	LOC562077	CLIP-associating protein 1	NM_001115139-ann-4943-unann-84	NM_001115139-ann-4943-unann-84
NM_001204257-ann-8625-unann-85	chr17	-	14456370	14512208	14456370	14512208	17	14456370,14458114,14458408,14458726,14458959,14459232,14460068,14460583,14462457,14464548,14465302,14468507,14471224,14495069,14501098,14505565,14512094	14456412,14458314,14458575,14458860,14459097,14459981,14460495,14460693,14462638,14464689,14465499,14468682,14471326,14495137,14501218,14505713,14512208	si:ch73-9j13.1	apoptosis-stimulating protein of p53-like	NM_001204257-ann-8625-unann-85	NM_001204257-ann-8625-unann-85
NM_001002428-ann-6561-unann-86	chr12	+	35312754	35313889	35312754	35313889	2	35312754,35313680	35312885,35313889	mrpl43	39S ribosomal protein L43, mitochondrial	NM_001002428-ann-6561-unann-86	NM_001002428-ann-6561-unann-86
NM_001161732-ann-5788-unann-87	chr10	+	43979277	44026670	43979277	44026670	16	43979277,43996135,43996549,44001184,44001397,44004562,44012766,44015540,44015770,44017377,44017656,44022026,44022333,44023008,44024510,44026496	43979398,43996222,43996722,44001308,44001588,44004707,44012960,44015686,44015892,44017488,44017847,44022149,44022404,44023146,44024616,44026670	fgfr1b	fibroblast growth factor receptor 1b precursor	NM_001161732-ann-5788-unann-87	NM_001161732-ann-5788-unann-87
NM_001100137-ann-3160-unann-88	chr6	+	55005453	55052177	55005453	55052177	10	55005453,55011399,55011593,55029719,55031263,55032575,55035453,55037838,55045810,55052145	55005739,55011459,55011728,55029808,55031459,55032715,55035613,55037975,55045997,55052177	zgc:165344	myosin-binding protein H-like	NM_001100137-ann-3160-unann-88	NM_001100137-ann-3160-unann-88
NM_001044970-ann-8928-unann-89	chr18	-	15148988	15211092	15148988	15211092	25	15148988,15149159,15152260,15152848,15157427,15157636,15160403,15160629,15162390,15162983,15164357,15169092,15169764,15177785,15178201,15185214,15187263,15187437,15191806,15193927,15203411,15204130,15204644,15205872,15211028	15149057,15149225,15152428,15153037,15157553,15157759,15160492,15160741,15162541,15163115,15164499,15169264,15169825,15177845,15178299,15185351,15187348,15187592,15191927,15194020,15203540,15204244,15204731,15206078,15211092	si:dkey-103i16.1	liprin-beta-1	NM_001044970-ann-8928-unann-89	NM_001044970-ann-8928-unann-89
NM_001083853-ann-3082-unann-90	chr6	+	2064453	2191267	2064453	2191267	8	2064453,2072288,2168032,2173445,2177897,2180940,2187180,2191174	2064641,2072362,2168277,2173636,2178033,2181100,2187270,2191267	zgc:158824	pre-B-cell leukemia homeobox 1	NM_001083853-ann-3082-unann-90	NM_001083853-ann-3082-unann-90
NM_001123234-ann-4728-unann-91	chr8	+	38098174	38137887	38098174	38137887	26	38098174,38104235,38104422,38106332,38106938,38112435,38113719,38116221,38116596,38116821,38117170,38119031,38119561,38119833,38121750,38122734,38124799,38125124,38125593,38125864,38126680,38128554,38131016,38131154,38137625,38137867	38098324,38104313,38104545,38106503,38107073,38112556,38113949,38116380,38116716,38116980,38117352,38119194,38119681,38120028,38121932,38122859,38125032,38125510,38125732,38126044,38126803,38129322,38131068,38131354,38137791,38137887	kdm5c	lysine-specific demethylase 5C	NM_001123234-ann-4728-unann-91	NM_001123234-ann-4728-unann-91
NM_212991-ann-2912-unann-92	chr5	-	56981987	57000650	56981987	57000650	14	56981987,56986611,56987122,56987279,56987522,56989890,56990355,56990953,56991352,56991587,56993532,56998676,56998819,57000589	56982018,56986781,56987190,56987312,56987538,56989930,56990409,56991261,56991481,56991701,56993605,56998733,56998917,57000650	hnrpkl	heterogeneous nuclear ribonucleoprotein K	NM_212991-ann-2912-unann-92	NM_212991-ann-2912-unann-92
NM_200179-ann-4268-unann-93	chr8	-	1291245	1333560	1291245	1333560	12	1291245,1298985,1322284,1322972,1323838,1327678,1331572,1331748,1332406,1332618,1333289,1333518	1291285,1299039,1322388,1323141,1323977,1327909,1331660,1331811,1332473,1332695,1333382,1333560	cdc14b	dual specificity protein phosphatase CDC14B	NM_200179-ann-4268-unann-93	NM_200179-ann-4268-unann-93
NM_001035261-ann-6257-unann-94	chr12	+	25288808	25354254	25288808	25354254	34	25288808,25289419,25292911,25299447,25302086,25302952,25308150,25311893,25315404,25319673,25322687,25323482,25325825,25326522,25327045,25327721,25328596,25330969,25331824,25334451,25334714,25335974,25338817,25339546,25339823,25341495,25342489,25342745,25343038,25345359,25345741,25347446,25347716,25354167	25288816,25289568,25293587,25299482,25302151,25303089,25308436,25312251,25315564,25319806,25322735,25323551,25325994,25326618,25327132,25327899,25328769,25331125,25331961,25334599,25334860,25336150,25338959,25339740,25339906,25341644,25342595,25342953,25343172,25345515,25345885,25347568,25347872,25354254	svil	supervillin	NM_001035261-ann-6257-unann-94	NM_001035261-ann-6257-unann-94
NM_001077373-ann-2919-unann-95	chr5	-	57500206	57527998	57500206	57527998	17	57500206,57508988,57509167,57509344,57511611,57511751,57515089,57515259,57515628,57519224,57519432,57519804,57520177,57523044,57523313,57525531,57527921	57500310,57509086,57509250,57509478,57511681,57511822,57515152,57515302,57515685,57519333,57519537,57519933,57520275,57523200,57523366,57525653,57527998	mks1	meckel syndrome, type 1	NM_001077373-ann-2919-unann-95	NM_001077373-ann-2919-unann-95
NM_001127305-ann-5218-unann-96	chr9	+	33109975	33137159	33109975	33137159	41	33109975,33111036,33111271,33112779,33113933,33115473,33118489,33118662,33118876,33119454,33119779,33120476,33122780,33123298,33123708,33123973,33124126,33124314,33124586,33125666,33127734,33128284,33128567,33128813,33129072,33129266,33129528,33129768,33130388,33130529,33130766,33131224,33132907,33133095,33133304,33133510,33133761,33136326,33136543,33136880,33137043	33110156,33111084,33111430,33112889,33114105,33115681,33118573,33118801,33119034,33119566,33119927,33120644,33122843,33123428,33123889,33124048,33124234,33124455,33124713,33126910,33127835,33128356,33128739,33128992,33129186,33129375,33129683,33129865,33130449,33130670,33130887,33131320,33132991,33133190,33133364,33133687,33133865,33136455,33136805,33136955,33137159	pikfyve	1-phosphatidylinositol-3-phosphate 5-kinase	NM_001127305-ann-5218-unann-96	NM_001127305-ann-5218-unann-96
NM_001123235-ann-5087-unann-97	chr9	+	22569466	22599520	22569466	22599520	21	22569466,22574351,22583612,22583832,22586963,22587251,22587520,22589512,22591306,22591515,22591731,22591915,22593610,22594041,22594949,22596521,22596696,22597190,22598987,22599236,22599397	22569631,22574432,22583697,22583966,22587165,22587340,22587615,22589608,22591429,22591654,22591791,22592062,22593697,22594181,22595171,22596615,22596786,22597361,22599087,22599291,22599520	arhgef7a	rho guanine nucleotide exchange factor 7	NM_001123235-ann-5087-unann-97	NM_001123235-ann-5087-unann-97
NM_001004542-ann-8231-unann-98	chr16	-	26888555	26895501	26888555	26895501	8	26888555,26888949,26891022,26891307,26892051,26894989,26895164,26895424	26888717,26889078,26891223,26891434,26892217,26895045,26895235,26895501	zgc:91887	uncharacterized protein LOC447803	NM_001004542-ann-8231-unann-98	NM_001004542-ann-8231-unann-98
NM_001077568-ann-7267-unann-99	chr14	-	7142642	7164830	7142642	7164830	13	7142642,7145270,7149429,7150002,7150204,7152199,7154078,7154752,7157185,7157369,7157592,7160466,7164593	7142717,7145329,7149494,7150122,7150285,7152296,7154227,7154866,7157258,7157428,7157674,7160586,7164830	ctsf	cathepsin F precursor	NM_001077568-ann-7267-unann-99	NM_001077568-ann-7267-unann-99
NM_001030106-ann-3980-unann-100	chr7	+	31299085	31304859	31299085	31304859	6	31299085,31300784,31301020,31301175,31301375,31304465	31299216,31300917,31301099,31301277,31301528,31304859	fbxo22	F-box only protein 22	NM_001030106-ann-3980-unann-100	NM_001030106-ann-3980-unann-100
NM_200259-ann-4125-unann-101	chr7	-	49710707	49720184	49710707	49720184	6	49710707,49713410,49716281,49716609,49718234,49720130	49710773,49713562,49716344,49716648,49718312,49720184	rbpms2	RNA binding protein with multiple splicing 2	NM_200259-ann-4125-unann-101	NM_200259-ann-4125-unann-101
NM_001077576-ann-4926-unann-102	chr9	-	30751330	30877907	30751330	30877907	10	30751330,30754291,30755376,30764212,30767109,30797298,30822127,30825264,30832087,30877822	30752052,30754462,30755523,30764358,30767242,30797373,30822281,30825451,30832373,30877907	il1rapl1a	interleukin-1 receptor accessory protein-like 1-A precursor	NM_001077576-ann-4926-unann-102	NM_001077576-ann-4926-unann-102
NM_001199870-ann-7163-unann-103	chr14	-	5873062	5918885	5873062	5918885	11	5873062,5875694,5876209,5879420,5886057,5894935,5897618,5898310,5909418,5916820,5918590	5873136,5875806,5876346,5879536,5886301,5895090,5897799,5898503,5909636,5916984,5918885	loxl3a	lysyl oxidase-like 3a precursor	NM_001199870-ann-7163-unann-103	NM_001199870-ann-7163-unann-103
NM_001077254-ann-5892-unann-104	chr11	-	43415829	43522046	43415829	43522046	21	43415829,43420157,43420504,43424111,43430367,43431990,43433879,43441169,43442478,43443684,43445829,43455583,43457818,43460630,43460843,43461638,43463231,43468067,43487330,43490575,43521848	43415913,43420292,43420676,43424229,43430673,43432065,43433999,43441229,43442559,43443759,43445889,43455752,43457956,43460771,43460915,43461734,43463294,43468104,43487403,43490723,43522046	slmapa	sarcolemmal membrane-associated protein	NM_001077254-ann-5892-unann-104	NM_001077254-ann-5892-unann-104
NM_001083837-ann-8326-unann-105	chr16	-	34979145	34986227	34979145	34986227	10	34979145,34979473,34982303,34983461,34983649,34984729,34985011,34985270,34985862,34986136	34979176,34980515,34982495,34983561,34983799,34984920,34985183,34985506,34986042,34986227	pnisr	splicing factor, arginine/serine-rich 18	NM_001083837-ann-8326-unann-105	NM_001083837-ann-8326-unann-105
NM_200276-ann-2365-unann-106	chr5	-	43498776	43602880	43498776	43602880	46	43498776,43499072,43500928,43501251,43501486,43502185,43504002,43504306,43506640,43508394,43509900,43510125,43514882,43516983,43517358,43518581,43518933,43519121,43519588,43520424,43521485,43521754,43522115,43528885,43533191,43533861,43535837,43540921,43541213,43545974,43550729,43552301,43553134,43571819,43572073,43572920,43575194,43578733,43583301,43586445,43586591,43588850,43591112,43592942,43594472,43602772	43498985,43499246,43501141,43501305,43501605,43502326,43504232,43504443,43506766,43508867,43510042,43510269,43515083,43517214,43517689,43518808,43519011,43519241,43519757,43520510,43521581,43521875,43522276,43529050,43533375,43533979,43536300,43540997,43541347,43546037,43550828,43552492,43553265,43571921,43572128,43573099,43575285,43578906,43583368,43586498,43586648,43588964,43591292,43593144,43594564,43602880	ncor1	nuclear receptor corepressor 1	NM_200276-ann-2365-unann-106	NM_200276-ann-2365-unann-106
NM_001114925-ann-7021-unann-107	chr13	-	33618463	33622531	33618463	33622531	3	33618463,33620288,33622196	33619496,33620379,33622531	btbd6a	BTB/POZ domain-containing protein 6-A	NM_001114925-ann-7021-unann-107	NM_001114925-ann-7021-unann-107
NM_001031676-ann-8478-unann-108	chr16	+	58353721	58374602	58353721	58374602	13	58353721,58357065,58360106,58361289,58363692,58364942,58367680,58369767,58370268,58370616,58372852,58373610,58374512	58353914,58357259,58360246,58361384,58363830,58365038,58367953,58369858,58370382,58370765,58372937,58373741,58374602	pabpc1a	poly A binding protein, cytoplasmic 1 a	NM_001031676-ann-8478-unann-108	NM_001031676-ann-8478-unann-108
NM_001145555-ann-7026-unann-109	chr13	-	33836631	33861595	33836631	33861595	27	33836631,33836749,33839138,33839319,33841545,33841797,33843894,33844136,33844307,33844692,33845744,33846283,33846503,33846655,33846804,33846933,33847112,33847303,33847678,33849114,33849510,33852004,33853643,33855735,33856249,33857679,33860112	33836670,33836893,33839234,33839403,33841629,33841893,33843966,33844229,33844397,33844785,33845837,33846371,33846544,33846731,33846842,33847015,33847150,33847388,33847713,33849251,33849649,33852158,33853762,33855888,33856372,33857834,33861595	si:dkey-76k16.7	uncharacterized protein LOC553448	NM_001145555-ann-7026-unann-109	NM_001145555-ann-7026-unann-109
NM_001123012-ann-8975-unann-110	chr18	-	42784074	42943401	42784074	42943401	16	42784074,42785618,42788684,42794004,42804960,42813908,42818533,42821236,42821478,42825465,42834763,42841724,42847550,42867391,42869881,42943329	42784176,42785795,42788741,42794087,42805134,42814008,42818662,42821395,42821553,42825599,42834969,42841966,42847663,42867521,42870055,42943401	aplp2	amyloid-like protein 2 precursor	NM_001123012-ann-8975-unann-110	NM_001123012-ann-8975-unann-110
NM_001020619-ann-8650-unann-111	chr17	+	17635068	17686162	17635068	17686162	11	17635068,17638061,17641792,17642234,17646175,17650109,17653648,17653866,17655763,17680223,17686042	17635116,17638256,17641947,17642383,17646300,17650203,17653754,17654086,17655890,17680359,17686162	sptlc2	serine palmitoyltransferase 2	NM_001020619-ann-8650-unann-111	NM_001020619-ann-8650-unann-111
NM_001039973-ann-4884-unann-112	chr9	+	7071631	7108296	7071631	7108296	22	7071631,7073167,7073694,7075195,7075785,7075973,7078096,7081119,7083894,7084131,7087882,7090950,7098028,7098445,7100822,7100950,7101962,7102188,7105447,7105645,7107796,7108163	7071731,7073212,7073813,7075312,7075865,7076082,7078187,7081267,7084025,7084236,7087991,7091137,7098247,7098587,7100852,7101123,7102086,7102456,7105545,7105758,7107951,7108296	inpp4aa	type I inositol-3,4-bisphosphate 4-phosphatase	NM_001039973-ann-4884-unann-112	NM_001039973-ann-4884-unann-112
NM_001079973-ann-7656-unann-113	chr15	-	1814938	1833037	1814938	1833037	15	1814938,1817634,1818431,1819540,1819732,1820407,1823545,1824107,1827058,1827616,1829284,1830602,1830775,1832533,1833027	1814978,1817758,1818532,1819642,1819862,1820517,1823575,1824142,1827188,1827750,1829390,1830675,1830818,1832567,1833037	zgc:158363	TATA-binding protein-associated factor 2N	NM_001079973-ann-7656-unann-113	NM_001079973-ann-7656-unann-113
NM_001076571-ann-6712-unann-114	chr13	-	91786	96719	91786	96719	7	91786,94247,95176,95453,96020,96264,96695	91894,94627,95270,95497,96141,96366,96719	zgc:154100	TFIIA-alpha and beta-like factor	NM_001076571-ann-6712-unann-114	NM_001076571-ann-6712-unann-114
NM_001083542-ann-8568-unann-115	chr17	-	3824360	3857248	3824360	3857248	7	3824360,3827255,3833140,3841026,3844108,3850531,3857111	3824428,3827325,3833232,3841202,3844364,3850683,3857248	hao1	hydroxyacid oxidase 1	NM_001083542-ann-8568-unann-115	NM_001083542-ann-8568-unann-115
NM_212569-ann-7228-unann-116	chr14	-	201550	212565	201550	212565	14	201550,201855,206312,206658,206940,207094,207330,207623,208321,208540,209368,210967,211210,212534	201758,201965,206578,206870,207024,207226,207445,207773,208459,208721,209493,211132,211290,212565	mcm7	DNA replication licensing factor MCM7	NM_212569-ann-7228-unann-116	NM_212569-ann-7228-unann-116
NM_001024430-ann-3075-unann-117	chr5	-	75245838	75250886	75245838	75250886	2	75245838,75250582	75246029,75250886	spra	sepiapterin reductase a	NM_001024430-ann-3075-unann-117	NM_001024430-ann-3075-unann-117
NM_001076599-ann-6505-unann-118	chr12	+	28063057	28065065	28063057	28065065	2	28063057,28064718	28063145,28065065	zgc:153947	uncharacterized protein LOC767659	NM_001076599-ann-6505-unann-118	NM_001076599-ann-6505-unann-118
NM_207069-ann-2266-unann-119	chr4	+	62027356	62037831	62027356	62037831	9	62027356,62027493,62028623,62029142,62032687,62032978,62034704,62037394,62037718	62027410,62027650,62028859,62029295,62032863,62033099,62034823,62037597,62037831	pacsin2	protein kinase C and casein kinase substrate in neurons 2	NM_207069-ann-2266-unann-119	NM_207069-ann-2266-unann-119
NM_001076645-ann-5168-unann-120	chr9	+	25243332	25245781	25243332	25245781	3	25243332,25244400,25245350	25243447,25244589,25245781	zgc:153901	uncharacterized protein LOC767707	NM_001076645-ann-5168-unann-120	NM_001076645-ann-5168-unann-120
NM_201309-ann-6792-unann-121	chr13	+	11544741	11584183	11544741	11584183	12	11544741,11545111,11551579,11555864,11558405,11560986,11563478,11567773,11575974,11581508,11583930,11584093	11544893,11545246,11551716,11556007,11558491,11561059,11563635,11567876,11576109,11581647,11583999,11584183	sufu	suppressor of fused homolog	NM_201309-ann-6792-unann-121	NM_201309-ann-6792-unann-121
NM_001128534-ann-2326-unann-122	chr5	-	27913571	28137802	27913571	28137802	15	27913571,27919061,27922936,27925777,27928724,27930015,27933739,27967223,27974702,27979017,28000447,28013698,28031764,28049844,28137589	27913673,27919153,27923024,27925889,27928917,27930166,27933867,27967295,27974874,27979135,28000631,28014201,28032384,28050003,28137802	arvcfb	armadillo repeat protein	NM_001128534-ann-2326-unann-122	NM_001128534-ann-2326-unann-122
NM_200673-ann-2397-unann-123	chr5	-	63819039	63843774	63819039	63843774	6	63819039,63819469,63828301,63842364,63843437,63843672	63819226,63819593,63828374,63842558,63843549,63843774	zfpl1	zinc finger protein-like 1	NM_200673-ann-2397-unann-123	NM_200673-ann-2397-unann-123
NM_199784-ann-8596-unann-124	chr17	-	9816726	9827236	9816726	9827236	5	9816726,9820615,9822414,9825855,9827165	9817045,9820741,9822529,9826040,9827236	eapp	E2F-associated phosphoprotein	NM_199784-ann-8596-unann-124	NM_199784-ann-8596-unann-124
NM_001020485-ann-2712-unann-125	chr5	+	33859917	33871377	33859917	33871377	32	33859917,33860204,33861954,33862207,33862339,33862577,33862758,33862899,33863085,33863268,33863530,33863766,33863998,33864256,33864657,33864866,33865065,33865272,33865494,33865710,33866045,33866495,33869005,33869252,33869487,33869904,33870192,33870406,33870713,33870913,33871092,33871362	33860124,33860348,33862111,33862235,33862454,33862670,33862822,33862998,33863189,33863407,33863649,33863916,33864169,33864557,33864728,33864954,33865183,33865396,33865631,33865966,33866288,33866672,33869171,33869377,33869796,33870108,33870318,33870577,33870818,33871009,33871224,33871377	myhc4	myosin heavy chain 4	NM_001020485-ann-2712-unann-125	NM_001020485-ann-2712-unann-125
NM_001127334-ann-2421-unann-126	chr5	-	1751677	1806436	1751677	1806436	26	1751677,1752245,1755037,1757304,1757823,1759633,1760166,1763046,1764618,1765060,1770750,1770966,1773556,1773966,1775587,1779665,1779805,1781152,1783461,1783605,1783822,1786994,1787250,1787663,1798821,1806388	1751955,1752414,1755144,1757472,1757998,1759722,1760266,1763271,1764732,1765279,1770887,1771054,1773664,1774056,1775729,1779724,1779912,1781246,1783524,1783644,1783903,1787054,1787314,1787713,1798938,1806436	golga2	Golgin subfamily A member 2	NM_001127334-ann-2421-unann-126	NM_001127334-ann-2421-unann-126
NM_213316-ann-8558-unann-127	chr17	-	739046	755525	739046	755525	9	739046,741041,742645,747973,748525,749627,750613,754515,755405	739203,741171,742819,748114,748689,749884,750710,754586,755525	arhgap11a	rho GTPase-activating protein 11A isoform 2	NM_213316-ann-8558-unann-127	NM_213316-ann-8558-unann-127
NM_001193539-ann-8560-unann-128	chr17	-	735396	755525	735396	755525	11	735396,738154,739094,741041,742645,747973,748525,749627,750613,754515,755405	736592,738293,739203,741171,742819,748114,748689,749884,750710,754586,755525	arhgap11a	rho GTPase-activating protein 11A isoform 1	NM_001193539-ann-8560-unann-128	NM_001193539-ann-8560-unann-128
NM_001145600-ann-6613-unann-129	chr13	+	16571631	16934822	16571631	16934822	28	16571631,16671170,16751239,16781668,16781962,16806416,16808609,16809087,16815017,16831575,16831934,16846662,16849826,16850535,16858511,16860129,16867147,16867366,16891310,16901814,16904318,16904955,16914108,16920708,16924880,16925795,16927699,16934670	16571868,16671335,16751301,16781762,16782074,16806492,16808685,16809258,16815109,16831686,16832040,16846745,16849896,16850691,16858621,16860198,16867234,16867443,16891404,16901938,16904543,16905148,16914222,16920839,16925075,16925914,16927924,16934822	kcnma1a	calcium-activated potassium channel subunit	NM_001145600-ann-6613-unann-129	NM_001145600-ann-6613-unann-129
NM_001020761-ann-5091-unann-130	chr9	-	22858173	22858975	22858173	22858975	4	22858173,22858389,22858551,22858924	22858306,22858463,22858698,22858975	zgc:112089	39S ribosomal protein L30, mitochondrial	NM_001020761-ann-5091-unann-130	NM_001020761-ann-5091-unann-130
NM_199624-ann-3940-unann-131	chr7	-	27558180	27562254	27558180	27562254	3	27558180,27560375,27562191	27558608,27560454,27562254	her8a	hairy-related 8a	NM_199624-ann-3940-unann-131	NM_199624-ann-3940-unann-131
NM_213544-ann-8368-unann-132	chr16	+	41325293	41394844	41325293	41394844	10	41325293,41328812,41336224,41340696,41346858,41360996,41361253,41370913,41376581,41394757	41325333,41328926,41336289,41340782,41346916,41361082,41361313,41370995,41376686,41394844	ttc35	tetratricopeptide repeat protein 35	NM_213544-ann-8368-unann-132	NM_213544-ann-8368-unann-132
NM_200211-ann-3894-unann-133	chr7	+	23885885	23926650	23885885	23926650	16	23885885,23888316,23890782,23893650,23899050,23899645,23899831,23902359,23902632,23902873,23903233,23905991,23914993,23918635,23925907,23926539	23885936,23888369,23890876,23893722,23899199,23899739,23899948,23902530,23902711,23903031,23903320,23906211,23915173,23918839,23925999,23926650	fxr2	fragile X mental retardation syndrome-related protein 2	NM_200211-ann-3894-unann-133	NM_200211-ann-3894-unann-133
NM_001075108-ann-3439-unann-134	chr6	-	39133806	39149322	39133806	39149322	14	39133806,39135097,39139340,39139669,39140551,39141851,39141984,39144124,39145314,39146164,39146456,39146753,39148724,39149274	39133944,39135207,39139575,39139906,39140643,39141894,39142091,39144286,39145516,39146263,39146533,39146817,39148901,39149322	os9	protein OS-9	NM_001075108-ann-3439-unann-134	NM_001075108-ann-3439-unann-134
NM_001007440-ann-4233-unann-135	chr7	+	72167273	72183442	72167273	72183442	6	72167273,72175268,72175497,72176689,72180239,72183381	72167378,72175335,72175616,72176878,72180324,72183442	ctdnep1b	CTD nuclear envelope phosphatase 1B	NM_001007440-ann-4233-unann-135	NM_001007440-ann-4233-unann-135
NM_130986-ann-6825-unann-136	chr13	-	15912461	15940846	15912461	15940846	7	15912461,15916289,15919624,15919852,15923128,15936549,15940806	15913183,15916415,15919750,15920020,15923404,15936672,15940846	ikzf1	DNA-binding protein Ikaros	NM_130986-ann-6825-unann-136	NM_130986-ann-6825-unann-136
NM_001082958-ann-6551-unann-137	chr12	-	33755810	33758316	33755810	33758316	3	33755810,33757766,33758001	33755993,33757922,33758316	cox11	COX11 homolog, cytochrome c oxidase assembly	NM_001082958-ann-6551-unann-137	NM_001082958-ann-6551-unann-137
